-0.305387
-0.201852
-0.104083
3.51705
-0.272145
-0.237872
-0.326835
3.57415
-0.20465
3.56803
3.57719
-0.423579
-0.325614
-0.219705
3.60695
3.47646
-0.392308
3.60913
-0.416015
3.61268
3.60557
3.24785
3.5234
3.57092
1.75643
1.77728
-0.0338181
1.76206
-0.0539804
1.80747
-0.0571686
1.78442
1.8077
3.55733
1.71805
1.74993
1.71192
3.57736
1.75253
1.70525
1.74789
3.61432
-0.234682
-0.184237
3.61744
3.48516
-0.285312
3.60864
-0.297767
3.51736
3.61179
3.3893
3.4474
3.43731
-0.304767
-0.263699
7.23105
3.44419
-0.404765
7.23417
-0.421411
3.46573
7.23055
3.27022
3.39156
7.23535
1.78366
1.79966
3.61144
1.74201
-0.0534999
5.42146
-0.0557926
1.75644
5.42264
3.52655
1.6785
5.41524
1.67046
3.54392
5.3971
1.71368
1.72069
7.23104
-0.23178
-0.20771
7.23108
3.46878
-0.303505
7.2336
-0.322734
3.4988
7.22743
3.38341
3.36529
7.19007
-0.294361
-0.280068
10.8486
3.41999
-0.380192
10.8539
-0.414728
3.47007
10.8574
3.27564
3.44307
10.8541
1.78755
1.78288
7.2278
1.73821
-0.0518479
9.03788
-0.0472297
1.73741
9.0387
3.53295
1.68507
9.04286
1.67847
3.53287
9.03064
1.70121
1.71685
10.8473
-0.218385
-0.222974
10.8486
3.46641
-0.288646
10.8478
-0.320485
3.51039
10.8499
3.36743
3.47673
10.8324
-0.297502
-0.271501
14.4648
3.43324
-0.380049
14.4641
-0.40449
3.46532
14.4619
3.31981
3.5055
14.5959
1.77866
1.78325
10.846
1.73825
-0.0465953
12.6535
-0.0452977
1.74031
12.6533
3.5291
1.70328
12.6526
1.67834
3.54639
12.6545
1.71526
1.73003
14.4577
-0.227918
-0.226793
14.4639
3.48451
-0.292563
14.4645
-0.313881
3.5083
14.4597
3.32851
3.51184
14.4477
-0.28206
-0.235972
18.079
3.57402
-0.250302
18.2561
-0.362491
3.61046
18.1002
3.51163
3.61185
18.395
1.78868
1.79189
14.4603
1.75191
-0.0493836
16.2671
-0.0535044
1.75817
16.2714
3.55497
1.71936
16.3189
1.70508
3.56849
16.3352
1.76509
1.77764
18.0911
-0.24949
3.62108
-0.204911
3.56102
3.52663
-0.298523
-0.351422
7.23715
-0.269137
3.56803
7.22941
-0.505137
-0.240793
3.63729
3.61395
3.40031
3.48679
3.60868
-0.464469
7.1762
3.55714
3.61377
7.01205
3.68158
1.81403
5.45698
0.0152931
1.85447
3.64139
1.82208
0.0148814
5.44655
1.8405
3.55352
5.34311
1.68305
1.6892
7.20539
1.69912
1.70459
5.30734
3.56658
0.00673794
3.4207
3.61922
3.68781
3.44443
3.5582
0.225817
7.23033
3.47361
3.61117
6.96339
3.59682
0.212473
3.77188
7.19977
3.42729
3.46901
7.22792
-0.507866
7.21992
7.21319
3.22365
7.18704
7.21894
1.70335
5.41717
3.61836
1.85522
3.64045
5.42399
0.0587807
5.45018
5.42181
3.58342
5.42133
5.42001
1.67221
7.22778
5.38991
1.81131
5.4214
7.1949
-0.0768857
3.84281
7.23148
3.51468
3.62478
7.22698
-0.0834687
7.22851
6.96591
3.61531
7.21935
7.45911
0.212776
3.78858
10.847
3.64455
3.42133
10.785
0.242273
7.14306
10.9108
3.61655
6.95183
10.8225
1.82919
5.42217
7.26209
1.86444
3.64021
9.03813
0.0573919
5.43443
9.03124
3.60658
5.42038
9.0769
1.81055
7.18782
9.06622
1.705
5.37603
10.8464
0.0243637
3.74974
10.6856
3.64377
3.42253
10.8955
-0.00932592
7.00062
10.7719
3.44877
7.15812
10.9104
0.199583
3.79533
14.4582
3.62819
3.3703
14.4489
-0.148065
6.98739
14.4129
3.56526
6.9698
14.5044
1.8041
5.39999
10.8475
1.86067
3.63638
12.6509
0.0348431
5.45806
12.6526
3.53899
5.41413
12.6851
1.82675
7.22184
12.6117
1.79978
5.41096
14.4607
0.0309947
3.81447
14.4616
3.4811
3.45899
14.5501
-0.125799
7.11122
14.2953
3.33704
7.17137
14.5724
-0.232403
3.61283
18.2415
3.61213
3.48244
18.2296
-0.342262
7.21993
18.1505
3.41926
7.22566
18.2956
1.85974
5.43103
14.4607
1.85283
3.62266
16.2511
-0.0216254
5.42587
16.2668
3.57467
5.34448
16.3854
1.7154
7.20083
16.3996
1.73731
5.4198
18.087
-0.0204228
7.09542
-0.27559
3.62296
7.23623
-0.359668
-0.101927
10.594
-0.128557
3.57573
10.8496
-0.526974
-0.046068
7.19488
3.84789
3.5881
7.40858
3.54841
0.076536
11.1045
3.61037
3.66455
11.0311
3.58393
1.81415
8.99931
0.0127316
1.84176
7.23007
1.83603
-0.0324194
9.02853
1.82103
3.6147
8.99617
1.80779
1.80787
10.7966
1.81169
1.80837
9.01591
3.63512
0.154177
7.23022
3.77394
3.40334
7.23069
3.59982
-0.00832513
10.593
3.61123
3.77477
10.893
3.67087
0.157531
7.2335
7.44876
3.62275
6.97813
7.28751
-0.30312
10.9905
7.23126
3.27084
10.7587
7.22604
1.80911
9.03982
3.58194
1.85635
7.22687
5.42286
0.0321107
8.99783
5.42218
3.61558
9.02999
5.47242
1.80524
10.8923
5.42148
1.81083
9.08098
7.23132
0.18733
7.15667
7.31849
3.72956
7.27474
7.05854
-0.294219
10.8563
7.23293
3.39545
10.851
7.21891
-0.29174
7.31857
10.8179
3.6108
7.2284
11.0848
0.0427274
10.8619
11.0918
3.60842
10.5878
10.7971
1.81005
8.9974
7.23034
1.81373
7.26444
9.01613
0.0371793
9.07715
9.0379
3.61493
9.04286
8.99554
1.80673
10.8922
9.04008
1.78631
9.03745
10.8425
-0.212359
7.2316
10.715
3.79159
7.22849
10.9173
-0.279131
10.8642
10.955
3.61391
10.8489
10.6073
0.0662043
7.26218
14.7037
3.56024
7.28737
14.6914
-0.144504
10.6627
14.3134
3.39754
10.8477
14.5977
1.85479
9.02613
10.8632
1.80856
7.22969
12.6815
0.00808292
8.99358
12.6522
3.61416
8.97085
12.7008
1.84075
10.8265
12.6548
1.80373
9.00981
14.4616
0.0357752
7.37404
14.5804
3.45895
7.13961
14.4149
-0.126755
10.8376
14.2399
3.61367
10.8673
14.4604
-0.314783
7.24893
18.1398
3.62175
7.22837
18.3766
-0.394559
10.8423
18.1063
3.37314
10.826
17.9533
1.84822
9.04273
14.4614
1.84143
7.23062
16.2427
-0.0326496
9.04606
16.2684
3.61412
9.07988
16.2334
1.79471
10.8529
16.2678
1.72573
9.03136
18.0997
-0.196017
10.8548
-0.316993
3.60927
10.852
-0.35426
-0.19393
14.4713
-0.326031
3.39305
14.4545
-0.0931771
-0.286489
10.7885
3.72977
3.58949
11.0088
3.54953
0.234007
14.5931
3.62128
3.73335
14.5996
3.5461
1.79661
12.6303
-0.00907154
1.82086
10.8844
1.80749
-0.020277
12.6396
1.83476
3.62336
12.6515
1.7814
1.82116
14.4498
1.84023
1.80942
12.6781
3.6148
0.155615
10.6971
3.61145
3.40328
10.85
3.6131
-0.351225
14.4765
3.62394
3.61546
14.6716
3.63755
-0.0349728
10.5735
7.23137
3.61976
10.7318
7.25059
-0.253899
14.4547
7.38708
3.61156
14.7669
7.21259
1.80862
12.6004
3.61523
1.81231
10.8145
5.42186
-0.016038
12.6309
5.41709
3.62171
12.6771
5.42382
1.8318
14.4576
5.40533
1.83196
12.6552
7.21794
0.101792
10.8317
6.99808
3.61632
10.7252
7.41504
0.00712465
14.7294
7.22812
3.60829
14.3435
7.3756
-0.205409
10.6454
10.8407
3.80891
10.8537
10.8439
-0.190843
14.5409
10.6355
3.61461
14.4602
10.5713
1.79282
12.653
7.24469
1.80785
10.8075
9.03397
-0.0152299
12.6663
9.01474
3.61333
12.6449
9.00555
1.80853
14.493
9.02973
1.8084
12.6394
10.8105
0.220758
10.7381
10.8407
3.66216
10.6873
10.8481
-0.202243
14.4247
11.0273
3.54948
14.4652
10.686
-0.0732067
10.8628
14.7341
3.6147
11.0359
14.4948
-0.140558
14.5015
14.6411
3.37398
14.4832
14.5154
1.80855
12.6521
10.8834
1.80322
10.8704
12.6508
-0.0160475
12.6875
12.6491
3.54312
12.652
12.6546
1.78169
14.4607
12.6518
1.80684
12.6698
14.4665
0.0377378
10.8452
14.6716
3.493
10.8345
14.7005
-0.262327
14.5569
14.4332
3.51058
14.4728
14.4555
-0.239713
10.8459
18.247
3.62164
10.8378
18.4273
-0.238633
14.5758
17.9798
3.59134
14.4544
17.7986
1.82636
12.6327
14.4463
1.8439
10.8398
16.2619
-0.0368267
12.6538
16.2672
3.61618
12.6844
16.2669
1.80604
14.4686
16.2594
1.72654
12.6492
18.1078
-0.0861256
14.1753
-0.029393
3.57051
14.6804
-0.120817
-0.269711
18.1483
-0.281982
3.60984
18.0809
-0.398444
-0.105582
14.4593
3.39614
3.46954
14.4557
3.63431
-0.238883
18.2799
3.60954
3.41866
18.0798
3.48435
1.81104
16.2497
-0.0383403
1.80622
14.4594
1.79274
-0.037302
16.2635
1.82562
3.61462
16.2466
1.85561
1.80742
18.1132
1.80769
1.80384
16.2664
3.58286
0.089601
14.4571
3.43595
3.61289
14.46
3.67788
-0.264724
18.1076
3.69768
3.66766
18.1762
3.41899
-0.16898
14.456
7.02095
3.61163
14.6833
7.29549
-0.253889
18.0802
7.03024
3.39847
17.9874
7.33459
1.8214
16.2677
3.6504
1.79686
14.458
5.44116
0.00109557
16.226
5.41818
3.59781
16.3351
5.42243
1.81378
18.0925
5.39928
1.81871
16.2663
7.19032
-0.00914001
14.3808
7.04908
3.60935
14.2092
7.26583
-0.265584
18.1572
7.20833
3.61098
17.8457
7.23151
0.237034
14.521
10.8393
3.61704
14.2873
10.7787
-0.338183
18.0801
10.9246
3.42316
17.9934
10.9272
1.80678
16.2677
7.26596
1.80707
14.4162
9.03986
-0.036913
16.2674
9.01322
3.61237
16.2581
9.08565
1.81042
18.0363
9.02309
1.80254
16.2666
10.8816
0.0160991
14.4385
11.0593
3.61171
14.4585
10.7881
-0.306539
18.0798
10.8362
3.35733
18.0779
10.8353
-0.287163
14.408
14.4533
3.4405
14.6905
14.4638
-0.346675
18.2072
14.4559
3.49307
18.3548
14.4587
1.82318
16.2659
10.8135
1.84661
14.4532
12.6529
-0.0386549
16.2656
12.6498
3.59699
16.3366
12.6543
1.81058
18.0996
12.6626
1.81053
16.2545
14.4931
-0.125896
14.4583
14.4412
3.58948
14.6447
14.4426
-0.328472
18.056
14.4616
3.57322
18.0053
14.6779
-0.35717
14.458
18.0803
3.52937
14.5275
17.9027
-0.392136
18.0736
18.0773
3.43467
17.8792
18.0378
1.81066
16.2672
14.4196
1.83235
14.4265
16.2674
0.0206609
16.2598
16.2376
3.61473
16.3491
16.3603
1.81007
18.1481
16.2666
1.80886
16.2615
18.1489
3.62106
-0.23989
-0.215501
7.2187
-0.359529
-0.293603
3.60108
3.65606
-0.243136
6.96579
3.6149
-0.160212
3.6091
0.27422
3.56482
7.15181
0.183679
3.47555
3.80354
3.6138
3.72764
6.94861
3.59283
3.61011
5.41147
1.81574
-0.0259771
5.43762
0.00513398
1.84317
3.64192
1.84798
1.82444
7.2661
1.79391
1.80776
5.40057
3.61671
1.78487
5.42044
1.80942
3.64265
3.75056
0.0567691
3.8021
7.15708
-0.131929
3.38956
3.70654
3.61543
3.64145
7.23209
3.44104
3.68816
3.76191
0.156031
7.10691
6.96548
-0.0886511
7.22501
3.72139
3.73835
7.09341
7.22867
3.3819
7.26827
5.42114
1.81157
3.57782
5.44807
0.0465291
5.42035
3.64629
1.84431
5.42095
7.20966
1.80919
5.4483
5.41767
3.57882
5.42245
5.40906
1.81037
7.2629
3.87785
-0.0218189
7.23406
7.23338
-0.195695
6.97057
3.82933
3.61504
7.22999
7.27923
3.51616
7.37688
3.77971
0.222442
10.851
7.21767
0.159949
10.6172
3.6086
3.81598
10.7615
7.03647
3.74689
10.8472
5.42551
1.82838
7.20077
5.42298
0.0523476
9.03256
3.64764
1.85437
9.03308
7.21983
1.78745
9.03709
5.42017
3.6036
9.06787
5.44942
1.81908
10.8444
3.79821
0.0034009
10.7004
7.02156
-0.0898624
10.9818
3.74138
3.68764
10.7157
7.24281
3.6296
11.0592
3.89645
-0.0273584
14.4624
6.9739
-0.041934
14.5497
3.61386
3.65716
14.4565
7.01496
3.71637
14.4214
5.39052
1.81931
10.8445
5.45805
0.0259214
12.653
3.65278
1.85612
12.6518
7.21633
1.8604
12.6528
5.40506
3.61687
12.6797
5.4003
1.80824
14.4518
3.63283
0.278164
14.465
7.01836
0.0674011
14.4685
3.62349
3.82187
14.4568
7.16197
3.73552
14.3547
3.61537
-0.321167
18.0485
7.22235
-0.391153
18.187
3.5818
3.80915
17.9499
7.07413
3.60452
18.395
5.44071
1.84282
14.4643
5.42791
-0.0141207
16.2849
3.64092
1.85098
16.2609
7.20077
1.75224
16.2685
5.42209
3.65777
16.265
5.38656
1.75084
18.0734
3.61982
3.61406
0.308405
7.06511
3.62882
-0.172039
3.6157
6.98846
0.0668511
7.22401
7.11037
-0.300119
3.64165
3.8397
3.64584
7.2317
3.48961
3.49556
3.61231
7.23133
3.6577
7.44366
7.16365
3.60175
5.41673
5.42297
-0.0403251
5.42342
3.61563
1.84246
3.61864
5.42415
1.8465
7.22866
5.42127
1.77875
5.4226
7.20867
1.78696
5.40801
5.41741
3.57054
3.61558
3.68762
3.61005
7.232
3.70175
3.46997
3.73255
7.22832
3.47489
7.37054
7.39727
3.61197
3.668
3.66322
7.41641
7.21906
3.61919
7.3292
3.60914
7.46032
7.28988
7.26114
7.26005
7.50088
5.41836
5.42146
3.6541
5.42076
3.65917
5.42273
3.65307
5.4223
5.42705
7.27464
5.41048
5.42361
5.42159
7.23271
5.45682
5.3984
5.39976
7.22049
3.62336
3.62925
7.2338
7.45842
3.62092
7.19189
3.69317
7.27692
7.29438
7.44023
7.32688
7.24356
3.73021
3.76908
10.9634
7.43619
3.66125
10.8478
3.66832
7.42682
10.8208
7.19274
7.38983
10.9386
5.42442
5.42321
7.26472
5.42023
3.65125
9.0146
3.64944
5.42086
9.00254
7.2464
5.43889
9.07911
5.45424
7.24602
9.06807
5.42035
5.42236
10.8082
3.62125
3.66567
10.9199
7.24883
3.6284
10.6097
3.61576
7.23082
10.6159
7.22744
7.38715
10.7169
3.83674
3.73173
14.4602
7.2306
3.6155
14.3925
3.72781
7.22083
14.2912
7.12544
7.1692
14.3081
5.42002
5.42152
10.8843
5.42728
3.61632
12.634
3.65781
5.4212
12.649
7.22981
5.46909
12.6498
5.44511
7.20078
12.652
5.44696
5.42279
14.4578
3.71733
3.61644
14.458
7.41088
3.67936
14.4626
3.64402
7.44291
14.3699
7.14908
7.09131
14.4582
3.7294
3.45952
17.9617
7.22401
3.36031
18.0567
3.57317
7.40734
17.9752
7.50804
7.22591
18.0793
5.38937
5.41864
14.4679
5.42157
3.58213
16.2662
3.63374
5.4341
16.2328
7.2134
5.45235
16.2676
5.43027
7.22987
16.2927
5.4194
5.39751
18.0609
3.50394
7.23273
0.210696
7.4616
7.24624
-0.150672
3.80578
10.7393
0.0335408
7.23107
10.9569
-0.289756
3.69378
7.26727
3.80167
7.23049
7.04109
3.7063
3.69017
10.6748
3.48539
7.11299
10.9919
3.57246
5.39712
9.05057
-0.0105918
5.42199
7.25485
1.83843
3.60987
9.07778
1.80696
7.23333
9.08357
1.80816
5.42395
10.8445
1.78871
5.42001
9.08993
3.61332
3.68801
7.389
3.61012
7.23192
7.2335
3.79962
3.6118
10.8492
3.82287
7.03616
10.8688
3.67354
3.63611
7.18374
7.20162
7.22004
7.3621
7.33857
3.63516
10.9633
7.31463
7.3898
10.8636
7.40924
5.42015
9.022
3.61305
5.39963
7.23014
5.39762
3.61587
9.0675
5.3971
7.26037
9.1011
5.46322
5.43492
10.89
5.42367
5.46694
9.05692
7.24129
3.57487
7.22753
7.10584
7.03014
7.31049
7.22927
3.61791
11.0471
7.19697
7.12424
10.8473
7.45576
3.51499
7.23123
10.7627
7.2626
7.23003
10.6615
3.61461
10.9219
11.036
7.12826
10.6528
10.8462
5.39846
9.04113
7.23064
5.40638
7.22943
9.01775
3.61496
9.04402
9.08159
7.30875
9.06482
9.03818
5.48007
10.8463
9.04223
5.48254
9.04924
10.8446
3.61487
7.30607
10.8522
7.22959
7.22845
11.0555
3.51192
10.9414
10.7885
7.17998
10.8484
11.0397
3.82381
7.20929
14.461
7.32955
7.04415
14.4623
3.72394
10.9043
14.27
7.19025
10.665
14.304
5.40144
9.04825
10.8441
5.41536
7.2642
12.6369
3.61517
9.08619
12.6387
7.23182
9.02916
12.5995
5.47253
10.8458
12.6498
5.42278
9.0074
14.4606
3.66453
7.29568
14.4658
7.18286
7.24922
14.6875
3.76243
10.8029
14.4545
7.0822
10.9078
14.2985
3.67787
7.03209
17.9149
7.22936
7.00521
17.9378
3.45928
10.8309
18.0743
7.22982
10.97
17.8751
5.42307
9.07285
14.459
5.4053
7.23057
16.2463
3.63651
9.01057
16.2898
7.22517
9.0837
16.2655
5.42115
10.886
16.2621
5.39039
9.03677
18.0724
3.62824
10.8489
0.259568
7.29545
11.0745
-0.0490543
3.69167
14.4559
-0.295961
7.23108
14.7153
0.0456831
3.60871
10.5959
3.61252
7.23157
10.6013
3.60815
3.61458
14.4643
3.89052
7.05184
14.5665
3.6131
5.38505
12.6519
0.0102925
5.40888
10.8446
1.84653
3.60062
12.6414
1.84603
7.20813
12.653
1.79503
5.42245
14.4942
1.81908
5.422
12.6166
3.61422
3.61203
10.7808
3.61046
7.22735
10.7152
3.61097
3.53473
14.4646
3.4202
7.23005
14.6371
3.68959
3.8808
10.8472
7.22773
7.13229
11.0275
7.22897
3.8103
14.4645
7.17333
7.06366
14.3574
7.16062
5.42109
12.6838
3.61541
5.40834
10.8235
5.42207
3.60774
12.6275
5.42471
7.21063
12.6631
5.42185
5.42074
14.4591
5.38953
5.46855
12.652
7.23561
3.68183
10.8484
7.06937
7.18933
10.8091
7.29466
3.61164
14.4574
6.99762
7.24472
14.2491
7.17249
3.47463
10.7906
10.9212
7.25405
11.0763
10.8455
3.61217
14.3866
11.0405
7.21187
14.2695
10.929
5.39043
12.6514
7.23585
5.4002
10.8465
9.04297
3.61041
12.6525
9.0684
7.21414
12.6534
9.0578
5.42316
14.4367
9.01144
5.42258
12.6511
10.8792
3.61222
11.0513
10.844
7.38642
10.848
10.9612
3.61043
14.5719
11.102
7.0647
14.4557
10.9649
3.61417
10.8447
14.3157
7.09841
10.7995
14.4634
3.61552
14.3001
14.4584
7.48529
14.4656
14.4661
5.42255
12.65
10.7974
5.39572
10.8463
12.6522
3.6489
12.6518
12.6511
7.19698
12.6513
12.6523
5.42307
14.4179
12.6529
5.42191
12.6443
14.43
3.61535
10.5781
14.4608
7.22868
10.9452
14.406
3.68994
14.2625
14.4387
7.14855
14.534
14.5546
3.70578
11.0771
18.0685
7.22762
10.5603
18.0756
3.61492
14.3931
18.3294
7.22825
14.6522
18.1896
5.42087
12.6563
14.4742
5.42136
10.811
16.2747
3.61581
12.6098
16.2637
7.22594
12.6833
16.2811
5.38418
14.4593
16.2659
5.42188
12.6505
18.0268
3.81016
14.4526
0.162803
7.14486
14.5369
-0.236689
3.88338
18.0742
0.0798945
7.31818
18.0339
-0.343719
3.61282
14.2492
3.53373
7.103
14.4647
3.44424
3.56986
18.2835
3.70785
7.23468
18.2031
3.80722
5.39896
16.2692
-0.0357604
5.4227
14.4192
1.80774
3.61534
16.2755
1.78176
7.1921
16.2422
1.81018
5.39685
18.0756
1.80722
5.42296
16.2671
3.57756
3.67655
14.4002
3.55781
7.30647
14.4949
3.49672
3.61978
17.8159
3.61457
7.21567
18.0724
3.89524
3.58737
14.4433
7.23022
7.22849
14.5683
7.05536
3.87133
18.1778
7.23348
7.23123
17.8108
7.23433
5.42273
16.2671
3.65538
5.42079
14.4596
5.45473
3.61529
16.2361
5.4217
7.22743
16.2624
5.39036
5.42236
18.0953
5.39523
5.42284
16.2689
7.19402
3.61221
14.4567
7.22997
7.20654
14.5007
7.10528
3.61162
18.1841
6.98536
7.22519
18.0786
6.96051
3.61047
14.5838
10.8712
7.22951
14.6073
10.9802
3.76054
18.1217
11.0216
7.23151
17.8115
10.8488
5.42256
16.269
7.26768
5.42319
14.4618
9.06516
3.61422
16.2733
9.00933
7.20373
16.264
9.06185
5.38708
18.0757
9.03675
5.42248
16.2508
10.8846
3.80685
14.4587
10.8752
7.14122
14.5685
10.8269
3.6195
18.1909
10.6398
7.24541
18.0648
10.6091
3.81364
14.4625
14.4301
7.22706
14.6768
14.4596
3.54845
18.0759
14.2453
7.22775
18.3242
14.4621
5.42074
16.2806
10.8183
5.42729
14.4944
12.6518
3.61857
16.2212
12.6524
7.20224
16.2687
12.681
5.41651
18.0721
12.6781
5.4373
16.2677
14.4819
3.73269
14.456
14.5194
7.09305
14.4606
14.616
3.78537
18.0709
14.5975
7.10953
17.991
14.5958
3.61381
14.6038
18.2607
7.27871
14.6172
17.9211
3.61457
18.3044
18.2348
7.34709
17.8366
18.0738
5.40724
16.2673
14.4295
5.44974
14.4588
16.2663
3.61354
16.2412
16.2378
7.23247
16.3072
16.2658
5.42431
18.074
16.2987
5.42325
16.226
18.0716
7.22479
0.0203363
-0.325884
10.6057
-0.122593
-0.135231
7.46603
3.61964
-0.134871
10.7914
3.86622
0.0272551
7.23262
0.0129188
3.88992
10.6511
0.153849
3.61647
7.18784
3.83936
3.64895
10.6049
3.61022
3.55325
9.00597
1.83185
-0.0076582
9.0086
0.00280546
1.832
7.18318
1.81726
1.812
10.8225
1.80868
1.83819
9.05715
3.60155
1.77519
9.03021
1.80915
3.56728
7.23564
-0.266832
3.75294
10.6729
0.0293213
3.52685
7.2287
3.62838
3.81418
10.6068
3.61276
3.62553
7.20236
0.214928
7.31882
10.9179
-0.335991
7.23475
7.22766
3.76238
7.33641
11.0056
3.65469
7.34239
9.03617
1.80473
3.64896
8.99498
0.0268758
5.42144
7.2431
1.80846
5.38633
10.8851
1.78641
5.42305
9.08438
3.59228
5.42227
9.07398
1.80855
7.21183
7.26906
-0.0668432
7.4823
10.8488
0.0192938
6.96154
7.00207
3.62086
7.22204
11.0597
3.61279
7.22078
7.23587
-0.345202
10.8396
10.8735
-0.229475
10.9935
7.11653
3.46188
10.7486
10.5805
3.62489
10.7832
9.00569
1.80768
7.2576
9.04099
0.0520698
9.03704
7.23425
1.83815
9.05602
10.8819
1.80836
9.02099
9.08583
3.61682
9.04602
9.03068
1.80876
10.8809
7.32225
-0.000892823
11.0941
11.0542
-0.165821
10.8405
7.18846
3.47379
10.9911
10.8192
3.67382
10.7115
7.28719
0.027055
14.1975
10.9725
-0.262816
14.4619
7.22755
3.42664
14.4633
10.8493
3.83987
14.377
9.03441
1.81917
10.7983
9.03607
-0.0247252
12.6748
7.23494
1.79805
12.6535
10.7883
1.81018
12.6523
9.0363
3.63827
12.6425
9.03403
1.80723
14.4267
7.23496
-0.271647
14.3611
11.0808
0.119674
14.4628
7.40793
3.56399
14.4522
10.8475
3.76391
14.4612
7.52045
0.00477553
18.0216
10.6904
-0.330527
18.0751
7.22954
3.67493
18.2424
10.8973
3.45271
17.9248
9.0122
1.80867
14.4917
9.04566
-0.0405902
16.2654
7.23225
1.85446
16.2678
10.8711
1.82484
16.2601
9.05349
3.65035
16.2666
9.0498
1.8088
18.0387
7.23362
3.35919
-0.0902563
10.8531
3.69905
-0.304316
7.19073
7.24356
0.257392
10.9247
7.18412
-0.291939
7.14205
3.61562
3.61236
10.8503
3.4293
3.57186
6.96983
7.24529
3.60924
10.9636
7.17725
3.46182
9.04846
5.4009
-0.024747
9.0257
3.61398
1.83288
7.23126
5.42361
1.84983
10.832
5.39272
1.80833
9.08355
7.23007
1.80429
9.09058
5.42216
3.61535
7.43926
3.61387
3.6138
10.8504
3.59656
3.79761
7.14235
7.3687
3.59814
10.9079
7.01289
3.63724
7.22865
3.70348
7.07697
10.8317
3.4612
7.34206
7.25468
7.33146
7.08206
10.8472
7.21755
7.50235
9.00029
5.4203
3.61525
9.01473
3.62373
5.42234
7.19667
5.40975
5.42368
10.8553
5.39083
5.42101
9.0974
7.27272
5.46379
9.05793
5.46723
7.24394
7.2237
3.59642
7.0567
10.8461
3.38134
7.1789
7.39842
7.15453
7.19823
10.8467
7.40231
7.39616
7.13458
3.61737
10.8442
10.657
3.61616
10.8939
7.32112
7.04249
10.8466
10.7427
7.10094
10.9182
9.04113
5.39762
7.23078
8.99761
3.60687
9.03572
7.23052
5.41896
9.01836
10.8235
5.42192
9.06154
9.03914
7.25344
9.00645
9.02694
5.48271
10.8438
7.33738
3.61337
10.8437
10.8483
3.39958
10.799
7.19146
7.07099
10.8471
10.846
7.27162
11.0673
7.04715
3.58446
14.5796
10.848
3.56992
14.2678
7.05185
7.31994
14.4652
10.6748
7.23026
14.2945
9.03989
5.40225
10.8436
9.03543
3.58947
12.6719
7.2408
5.40269
12.6521
10.8188
5.4643
12.6514
9.02156
7.20458
12.6455
9.00546
5.42331
14.4607
7.23094
3.61194
14.6681
10.9788
3.61398
14.4803
7.33299
7.23394
14.5669
10.9235
7.23205
14.2552
7.49047
3.61764
17.9962
10.7466
3.40171
18.1456
7.23082
7.49756
18.0696
11.0826
7.23416
18.0762
9.07619
5.42243
14.4603
9.01019
3.57923
16.267
7.22944
5.38544
16.2667
10.8647
5.42172
16.247
9.05654
7.22876
16.2956
9.02792
5.3905
18.0738
7.22959
6.99328
0.00705911
11.1123
7.23227
0.00173589
6.9755
10.8436
0.0466157
10.5922
10.8504
0.0242723
7.23022
7.14335
3.41515
10.6616
7.13769
3.60938
7.22953
10.8494
3.4023
10.8475
11.0637
3.58417
9.04403
9.06492
-0.0283529
9.00964
7.23576
1.81128
7.22467
9.01216
1.80819
10.8455
9.07945
1.80868
9.07787
10.8452
1.8185
9.06893
9.07505
3.63289
7.2291
7.23066
3.55872
10.8388
7.24233
3.46431
7.31269
10.9892
3.58707
10.9837
10.8455
3.54278
7.14633
7.07522
7.20906
10.8101
7.50174
7.22299
7.49787
10.7954
7.22701
10.6031
10.8486
7.32459
9.03576
9.02772
3.60374
9.04512
7.23426
5.42123
7.23892
9.03816
5.42157
10.8439
9.06656
5.49414
9.06239
10.8484
5.49369
9.05136
9.05163
7.25382
7.22483
7.12837
7.3344
10.8643
7.34288
7.20684
7.35831
10.8532
7.13771
10.849
10.8483
7.46679
7.02015
7.22885
10.8272
10.9692
7.15893
10.9254
7.04892
10.8819
10.8344
12.6341
12.6325
12.6329
7.24675
7.25132
5.43908
9.05869
7.27417
9.06875
7.22756
9.03399
9.03814
10.8064
9.08554
9.03859
9.08538
10.8355
9.03112
9.01648
9.04426
10.8368
7.41839
7.32193
10.8479
10.8384
7.43953
10.7362
7.43897
10.8241
10.7613
10.69
10.8108
10.7693
7.33934
7.30982
14.339
10.8637
7.01225
14.4581
7.24872
10.7639
14.5277
10.8514
10.8409
14.1907
9.08548
9.05056
10.8371
9.05312
7.26796
12.6516
7.23274
9.03985
12.6697
10.8277
9.04168
12.5715
9.0376
10.8205
12.573
9.03634
9.03884
14.408
7.27584
7.31291
14.4632
10.812
7.43237
14.4629
7.44986
10.802
14.4701
10.6528
10.7955
14.3711
6.93436
7.22087
18.0786
10.8263
6.9692
18.0407
7.50522
10.8467
18.0762
10.8519
11.1175
18.0763
9.03694
9.03951
14.4868
9.02013
7.23971
16.2343
7.23324
8.9924
16.2674
10.8691
9.05545
16.2692
9.02623
10.8042
16.262
9.03764
9.0489
18.1017
7.23372
10.7329
-0.287214
10.99
10.8769
-0.261311
7.19808
14.3878
-0.30897
10.7561
14.2332
0.0764372
7.33106
10.8483
3.80899
10.7339
10.8454
3.79393
7.1789
14.2622
3.69865
10.8466
14.2345
3.61267
9.03776
12.6771
-0.0133734
9.00801
10.8454
1.80745
7.25321
12.6512
1.83321
10.8156
12.6226
1.81539
9.03624
14.4719
1.83717
9.04786
12.6522
3.66024
7.37267
10.8769
3.60961
10.8093
10.6648
3.64568
7.22979
14.3495
3.57376
11.0601
14.4593
3.64462
7.21092
10.8486
7.03718
10.7719
11.0235
7.21337
7.22528
14.4361
7.47314
10.6335
14.3323
7.22515
9.03881
12.6525
3.57818
9.03777
10.8286
5.41555
7.26382
12.6267
5.42273
10.8451
12.6264
5.46905
9.03915
14.3959
5.42311
9.03593
12.607
7.2516
7.17789
10.6865
7.17959
10.9393
10.9359
7.25561
7.22843
14.453
7.28272
10.8474
14.1907
7.22424
7.22913
10.8576
10.6321
10.8482
10.8467
10.6347
7.22271
14.2842
10.723
10.8452
14.24
10.7955
9.04922
12.669
7.21498
9.02665
10.8313
9.04761
7.2672
12.6397
9.02346
10.8371
12.577
9.0409
9.04012
14.3934
9.03715
9.02961
12.588
10.8094
7.23031
10.7528
10.8085
10.8649
10.6675
10.8485
7.23027
14.4643
10.6457
10.8075
14.4639
10.6105
7.35392
10.9953
14.4619
10.8517
10.5886
14.4652
7.0602
14.4634
14.3258
11.0035
14.4326
14.4019
9.05009
12.6555
10.8511
9.04779
10.8487
12.6549
7.26982
12.6441
12.6507
10.7637
12.6205
12.6141
9.00715
14.4357
12.6503
9.00574
12.6523
14.4411
7.13353
10.8909
14.6375
10.8458
10.8453
14.4571
7.3275
14.3766
14.4616
10.8487
14.4623
14.2662
7.0344
11.0373
18.0809
10.906
10.7133
17.8804
7.07652
14.4085
17.8829
10.8416
14.4569
18.3387
9.05687
12.6525
14.4807
9.03627
10.8796
16.2767
7.22895
12.6169
16.2545
10.8665
12.629
16.2676
9.03869
14.4159
16.2664
9.03782
12.6234
18.109
7.2324
14.4247
0.271918
10.8076
14.3203
-0.255347
6.98972
18.0746
0.139587
10.8468
18.0773
-0.391115
7.3445
14.4657
3.74864
10.6227
14.4633
3.61656
7.22334
18.0812
3.32827
10.8393
18.3413
3.61202
9.0488
16.2671
-0.0507835
9.03713
14.444
1.79351
7.26264
16.292
1.80864
10.8492
16.2415
1.83641
9.03908
18.0742
1.84265
9.07082
16.2582
3.61537
7.39173
14.3834
3.63921
10.7435
14.5143
3.61203
7.41031
18.0752
3.46316
10.718
18.1091
3.44275
7.20146
14.5723
7.36811
10.8443
14.4196
7.38993
7.48359
18.0911
7.28956
11.1336
18.0846
7.23753
9.01063
16.2772
3.61424
9.03907
14.4828
5.42251
7.22927
16.2832
5.44998
10.8266
16.2341
5.42183
9.05559
18.0573
5.40805
9.04929
16.2213
7.25394
7.45997
14.4663
7.23187
10.8427
14.4417
7.01725
6.93952
18.0811
7.23442
10.9244
17.9419
7.06935
7.34495
14.5561
10.7521
10.6558
14.4426
10.8441
7.06513
18.1482
10.6901
10.8449
18.0527
11.0772
9.03493
16.2836
7.21797
9.04022
14.4864
9.03705
7.26043
16.2682
9.03528
10.8254
16.2549
9.01624
9.03623
18.0607
9.01378
9.0284
16.2605
10.8153
7.41003
14.4577
10.9069
11.0379
14.4998
10.8261
7.22707
18.0775
11.1458
10.9236
17.9509
10.6596
7.26337
14.4616
14.2888
10.8488
14.2602
14.4631
7.22936
18.1586
14.2276
10.8396
18.3588
14.4556
9.05329
16.2801
10.8682
9.05978
14.4874
12.6538
7.24305
16.2661
12.626
10.8615
16.2608
12.6502
9.03674
18.1219
12.6412
9.03981
16.2682
14.4855
7.10314
14.283
14.4587
10.8633
14.6524
14.4607
7.23414
18.063
14.7092
10.6858
18.1298
14.5727
7.2303
14.4535
18.3022
10.8222
14.4563
17.8351
7.22568
18.254
18.3036
11.1518
18.0766
18.0772
9.03248
16.2668
14.4336
9.03874
14.4909
16.2663
7.23473
16.2225
16.2663
10.8431
16.2916
16.2958
9.0687
18.0731
16.2602
9.06736
16.2733
18.0735
10.8551
-0.246207
-0.286659
14.1929
-0.15317
-0.133299
10.7922
3.53406
-0.245639
14.6452
3.60909
-0.265167
10.8546
-0.3448
3.62466
14.4533
-0.313739
3.73161
10.9659
3.76947
3.61454
14.694
3.61137
3.61122
12.6419
1.78614
-0.0146003
12.6372
-0.0287839
1.8274
10.8731
1.80717
1.78902
14.494
1.8093
1.82248
12.685
3.61489
1.80931
12.6446
1.80914
3.58086
10.8967
-0.0521803
3.86155
14.5961
-0.0561426
3.81802
10.8493
3.77239
3.61507
14.4593
3.8177
3.66769
10.7503
-0.258283
7.24336
14.7259
0.0203016
7.23423
10.7231
3.66551
7.36892
14.4638
3.88113
7.22842
12.6553
1.80978
3.64136
12.6241
-0.0150075
5.42115
10.8273
1.82468
5.42211
14.4141
1.80891
5.42277
12.6535
3.63663
5.43281
12.6602
1.82631
7.21359
10.5871
0.00494166
7.23456
14.5416
-0.19813
7.11671
10.8467
3.83008
7.20779
14.5697
3.68957
7.11908
10.7307
-0.0659224
11.0622
14.5468
-0.159149
11.0174
11.0208
3.69473
10.7941
14.4636
3.81975
10.8485
12.6386
1.79525
7.24402
12.6519
-0.0201663
9.00439
10.8084
1.80831
9.04923
14.4623
1.80903
8.99943
12.6512
3.61943
8.99713
12.6387
1.80023
10.8106
10.8846
0.220586
10.7542
14.4224
-0.0192487
11.1104
10.9687
3.61781
10.7713
14.5101
3.63133
10.6201
10.8427
0.0442667
14.1937
14.4684
-0.366116
14.4518
10.6131
3.60793
14.4584
14.6228
3.62184
14.626
12.6672
1.82391
10.8688
12.6894
0.00524022
12.6534
10.8846
1.81062
12.6529
14.4639
1.84563
12.6532
12.6519
3.63801
12.6628
12.6517
1.8472
14.4484
10.6852
-0.264036
14.4638
14.5285
-0.167432
14.6205
10.8478
3.61331
14.6483
14.46
3.6682
14.6321
11.139
0.0033102
18.0741
14.4673
-0.401499
18.0825
10.7899
3.75568
18.2473
14.4848
3.37967
18.0749
12.6518
1.77795
14.4688
12.6514
-0.0496932
16.2677
10.7955
1.79899
16.2667
14.462
1.80892
16.2996
12.6507
3.6146
16.2956
12.6834
1.80623
18.0622
10.783
3.4365
-0.0653535
14.515
3.61042
-0.257615
10.7504
7.23435
-0.315171
14.532
7.00102
0.0688424
11.0592
3.60739
3.6128
14.4633
3.61491
3.8617
10.6654
7.32374
3.61439
14.3182
7.13472
3.64322
12.6522
5.38531
0.00258361
12.6162
3.61372
1.80991
10.862
5.44503
1.8151
14.4592
5.45499
1.81427
12.6525
7.19793
1.8157
12.6199
5.42145
3.61611
10.9335
3.5823
3.4897
14.4572
3.61912
3.3906
10.8478
7.37172
3.75446
14.4569
7.2273
3.83105
10.653
3.61077
7.15234
14.4536
3.66899
7.18711
11.062
7.19538
7.21169
14.2292
7.20721
7.19979
12.6871
5.42117
3.61601
12.6484
3.58676
5.40968
10.857
5.45727
5.42257
14.4453
5.42328
5.39355
12.6508
7.26414
5.45806
12.6509
5.4711
7.22976
10.8482
3.61248
7.03822
14.4602
3.57097
6.98495
10.8452
7.14587
7.22947
14.3144
7.36841
7.26093
10.8468
3.58971
11.0275
14.3453
3.58488
10.6849
10.9801
7.17855
10.6907
14.2448
7.2296
10.8017
12.6524
5.39338
7.23106
12.6528
3.60375
9.06592
10.8789
5.43293
9.01914
14.4308
5.43223
9.02032
12.6319
7.27431
9.03904
12.6509
5.42315
10.8769
10.9581
3.61853
10.9621
14.5486
3.60992
11.0908
10.9487
7.3089
10.8316
14.4224
7.22816
11.0557
11.0003
3.48091
14.4613
14.5091
3.42087
14.4223
10.6502
7.23369
14.5199
14.577
7.08196
14.4215
12.6487
5.42563
10.797
12.6528
3.57638
12.6406
10.8691
5.40875
12.6517
14.4287
5.42152
12.6675
12.6453
7.23142
12.6055
12.6201
5.42401
14.4611
10.7751
3.50616
14.5016
14.3975
3.44558
14.4591
10.7916
7.12955
14.5651
14.5021
7.07989
14.5969
11.0962
3.61823
18.0732
14.7375
3.61735
18.0747
10.8392
7.23225
17.807
14.4796
7.23283
18.308
12.678
5.42688
14.4455
12.6536
3.61585
16.227
10.812
5.42143
16.2919
14.4598
5.39261
16.2735
12.6535
7.18403
16.2675
12.6509
5.42425
18.0265
10.8359
6.98265
0.0112617
14.4594
7.09398
-0.280036
10.7643
10.8529
-0.286105
14.5023
10.7015
0.15615
10.9291
7.2286
3.71005
14.4601
6.99757
3.61414
10.9287
10.6902
3.61242
14.2584
10.887
3.61246
12.6677
9.05589
-0.0126947
12.6516
7.26628
1.80977
10.8451
9.01222
1.80966
14.4599
9.0138
1.82208
12.6359
10.8214
1.82896
12.6535
9.04663
3.66226
11.0113
7.31409
3.61662
14.4618
7.16273
3.48391
10.6493
10.8958
3.60868
14.4574
11.0763
3.6093
10.7609
7.22835
7.05243
14.4457
7.15934
7.19697
10.8571
10.5881
7.22807
14.2654
10.7008
7.23524
12.6536
9.03806
3.57959
12.6514
7.21388
5.40506
10.845
9.03438
5.41437
14.3974
9.03922
5.42382
12.6389
10.854
5.47095
12.6078
9.03831
7.25063
10.7574
7.05939
7.22948
14.4634
7.29954
7.02283
10.9607
10.7597
7.22812
14.2462
10.9001
7.30218
10.7637
7.15816
10.7139
14.4602
7.01052
10.8725
11.0164
10.8454
10.846
14.2662
10.8135
10.7697
12.6683
9.05172
7.22358
12.6573
7.20751
9.03885
10.8475
9.02429
9.03925
14.3977
9.03849
9.03149
12.5815
10.8296
9.03825
12.5939
9.02591
10.8101
10.675
7.30152
10.8473
14.4624
7.10548
10.7922
10.8451
10.8507
10.9729
14.4606
10.7378
10.6547
11.0569
7.23188
14.4634
14.4071
7.05061
14.4263
10.6245
10.8931
14.4853
14.4177
10.8854
14.2546
12.6547
9.06396
10.85
12.6525
7.23695
12.6764
10.8462
9.0406
12.6547
14.4614
8.99277
12.6511
12.6217
10.7696
12.6192
12.6517
9.07769
14.4601
10.919
7.28897
14.5613
14.4062
7.22937
14.6034
10.8434
10.7929
14.6277
14.2265
10.851
14.4644
10.9999
7.24535
18.2235
14.6665
7.23436
17.9154
10.5686
10.8457
18.0781
14.4581
11.0007
18.2495
12.6533
8.99688
14.4608
12.653
7.27304
16.267
10.8096
9.02144
16.2692
14.4379
9.0381
16.2768
12.6263
10.8154
16.2677
12.6533
9.01551
18.1036
10.8533
10.5832
-0.0245292
14.4382
10.607
-0.114541
10.7977
14.6967
-0.0845639
14.5929
14.6067
-0.146475
10.8236
10.8201
3.40498
14.3373
10.7508
3.69162
10.9534
14.4495
3.47303
14.5466
14.5165
3.42749
12.6654
12.6706
-0.000515233
12.6526
10.8654
1.80723
10.8662
12.657
1.80923
14.459
12.616
1.8246
12.6516
14.4929
1.82139
12.6502
12.651
3.64328
10.9452
10.9028
3.68549
14.459
10.6081
3.60921
10.8074
14.4358
3.44858
14.6576
14.3647
3.6383
10.8508
10.8474
7.01748
14.3214
10.8483
7.12619
10.844
14.4572
7.21503
14.3737
14.2995
7.26559
12.6421
12.6438
3.57936
12.6535
10.8303
5.4036
10.8386
12.658
5.40447
14.403
12.6527
5.42442
12.6521
14.4044
5.42174
12.6133
12.6149
7.23028
10.7267
10.7153
7.19064
14.4635
10.9041
7.12374
10.8375
14.6305
7.16757
14.4608
14.4619
6.96376
10.8442
11.0058
10.8129
14.5885
10.7069
10.8462
10.8455
14.5305
11.0026
14.4404
14.4601
10.5896
12.6601
12.6618
7.23033
12.6582
10.8456
9.03772
10.8445
12.6589
9.0399
14.4456
12.6523
8.99401
12.6527
14.4389
8.99555
12.6374
12.6324
10.7534
10.757
10.8034
10.8754
14.6679
10.8596
10.8362
10.8417
14.6658
10.8399
14.2574
14.4243
10.8492
10.9726
10.8772
14.5513
14.4175
10.9449
14.5954
11.0461
14.4623
14.4939
14.6487
14.5578
14.4607
12.6508
12.6516
10.8496
12.6519
10.8489
12.6508
10.8488
12.6524
12.6524
14.4827
12.6131
12.6529
12.6137
14.4678
12.6531
12.6459
12.6307
14.4596
10.929
11.0154
14.4601
14.4576
10.6251
14.4627
10.5605
14.4621
14.4665
14.287
14.4585
14.3953
10.8503
10.5755
18.0797
14.6965
10.7907
18.037
11.1033
14.443
18.0761
14.4579
14.4586
18.3536
12.6539
12.6578
14.5
12.6676
10.862
16.2689
10.8113
12.6623
16.268
14.458
12.6521
16.3068
12.6532
14.4602
16.3088
12.652
12.6592
18.1105
10.9478
14.6793
0.00468195
14.4499
14.4618
-0.348543
11.0505
18.0757
0.181413
14.4553
18.0693
-0.39899
10.8687
14.6609
3.61201
14.457
14.6655
3.68804
11.1095
18.03
3.61031
14.455
18.0753
3.33971
12.6523
16.2658
-0.0491976
12.6507
14.4251
1.80238
10.8434
16.2814
1.78751
14.4921
16.2623
1.81283
12.6516
18.0818
1.84323
12.6514
16.2316
3.63365
10.8467
14.4614
3.78554
14.4618
14.5206
3.76795
10.9992
17.9497
3.63392
14.4563
17.8258
3.60223
10.8412
14.6171
7.315
14.5453
14.6154
7.35378
10.6253
18.0023
7.33817
14.4531
18.0807
7.03827
12.6524
16.2849
3.59872
12.6521
14.491
5.42405
10.8476
16.3013
5.42128
14.4337
16.2664
5.40836
12.6643
18.0555
5.4198
12.6505
16.2405
7.21979
11.0471
14.4632
7.2287
14.6594
14.4647
7.23113
10.6148
18.0757
7.16202
14.4542
18.0505
6.93547
10.8452
14.3877
11.0117
14.52
14.2373
10.8248
10.5822
18.0757
10.8457
14.457
18.2214
11.0484
12.6515
16.2982
7.23176
12.6517
14.4663
9.05901
10.8589
16.2895
9.06262
14.434
16.2799
9.02945
12.662
18.0751
9.00378
12.6525
16.3044
10.8156
10.8764
14.4257
10.8081
14.5492
14.4571
10.7368
10.8488
18.2835
10.7041
14.3364
17.9376
10.9361
10.6618
14.4622
14.4478
14.4054
14.3811
14.31
11.0621
18.067
14.3421
14.456
18.3557
14.4564
12.6533
16.2538
10.865
12.6787
14.4678
12.6529
10.8096
16.2939
12.6521
14.4584
16.305
12.6521
12.6492
18.1092
12.6565
12.6531
16.2292
14.4592
10.7566
14.4653
14.5798
14.4869
14.2399
14.4633
10.9451
18.0124
14.6404
14.5537
18.0797
14.6338
10.8432
14.698
18.0758
14.5066
14.6554
18.1086
10.5657
18.0788
18.0734
14.4663
18.3743
18.0742
12.6523
16.3073
14.4599
12.6533
14.4594
16.2293
10.8416
16.25
16.2461
14.4973
16.2683
16.2709
12.6531
18.1086
16.2791
12.6508
16.2746
18.1123
14.7426
-0.106911
-0.113644
18.0776
0.056069
-0.367144
14.3051
3.62179
0.196216
18.078
3.60775
-0.374392
14.4561
-0.0170839
3.33776
18.1172
-0.353676
3.63337
14.3719
3.52483
3.61536
18.3448
3.62644
3.61867
16.2398
1.82218
-0.0314172
16.2521
-0.0326393
1.8266
14.4121
1.80785
1.80571
18.0746
1.78926
1.83214
16.2862
3.60268
1.82394
16.266
1.80767
3.58724
14.4556
0.132123
3.43071
18.0717
-0.306097
3.60781
14.2738
3.61981
3.55243
18.0745
3.4795
3.45005
14.3982
0.2527
7.23299
17.9956
-0.207834
7.03143
14.5427
3.5586
7.41738
17.8449
3.61539
7.32785
16.261
1.81363
3.64624
16.2246
-0.0210144
5.42137
14.4901
1.80937
5.42183
18.0721
1.80558
5.3998
16.2517
3.61519
5.4553
16.2671
1.81289
7.19733
14.3912
-0.329938
7.23443
18.214
-0.17851
7.04375
14.4605
3.61685
7.40076
18.049
3.83107
7.19693
14.604
0.0303398
10.6685
18.0832
-0.158272
11.097
14.592
3.57333
10.8443
18.0218
3.61383
11.1095
16.2663
1.80908
7.26921
16.2681
-0.0442858
9.02316
14.4507
1.80987
9.07048
18.0651
1.79746
9.01267
16.2276
3.6144
9.04274
16.2627
1.84585
10.8411
14.4559
-0.0757485
10.6186
18.0751
0.00356693
11.0743
14.4937
3.61445
10.8901
18.1871
3.61897
11.0378
14.2256
-0.140463
14.4585
18.3564
-0.0806547
14.4645
14.4126
3.69512
14.2851
18.073
3.47661
14.6622
16.2653
1.77912
10.8318
16.2648
-0.0517859
12.6535
14.446
1.78334
12.6473
18.0692
1.80909
12.68
16.2672
3.61616
12.6857
16.2925
1.80961
14.4592
14.6861
0.130581
14.4586
18.0746
-0.0328088
14.1734
14.4183
3.66729
14.4216
18.0724
3.61561
14.6652
14.1845
0.00711295
18.126
18.2129
0.22754
18.0774
14.1865
3.61963
18.0544
18.0271
3.61431
17.7845
16.2345
1.80728
14.4607
16.2845
0.0129329
16.2497
14.4552
1.80837
16.2293
18.0297
1.8073
16.2512
16.2401
3.58928
16.2678
16.2536
1.80918
18.0443
14.4618
3.76762
0.168673
18.0702
3.32866
0.00390704
14.4629
7.50722
-0.0225106
18.0774
7.23756
-0.378062
14.4594
3.38269
3.61517
18.0713
3.36415
3.65151
14.4579
7.27286
3.39558
18.1748
7.44983
3.61534
16.2669
5.43376
-0.0411664
16.2427
3.63442
1.80842
14.4582
5.38496
1.81023
18.092
5.41538
1.79781
16.2674
7.19742
1.83712
16.2665
5.42177
3.58072
14.4562
3.61703
3.6214
18.0735
3.74631
3.42821
14.4918
7.41757
3.61905
18.0318
7.23334
3.36312
14.4632
3.47301
7.24962
18.0734
3.45933
7.04685
14.586
7.06997
7.22013
17.8162
7.2523
7.23541
16.2662
5.42328
3.65011
16.2753
3.6154
5.3862
14.4603
5.42211
5.45123
18.0847
5.39889
5.41841
16.2535
7.25831
5.42016
16.2693
5.42296
7.18899
14.2903
3.53286
7.22403
18.3076
3.59899
7.16442
14.6574
7.24362
7.27112
18.1152
7.26743
6.98518
14.2644
3.61462
10.9171
18.3043
3.61685
10.7587
14.6997
7.23046
10.8496
17.9975
7.29618
10.6068
16.2691
5.42279
7.26874
16.3064
3.61535
9.0356
14.4666
5.42066
9.05815
18.0742
5.39391
9.06117
16.2515
7.27294
9.04485
16.2459
5.42193
10.8778
14.3784
3.50004
10.8447
18.039
3.46677
10.6356
14.4604
7.23209
10.6231
17.9706
7.01811
10.8478
14.6365
3.62925
14.4056
18.0754
3.47711
14.2643
14.4972
7.48755
14.4617
18.3096
7.23412
14.4959
16.2814
5.42016
10.8198
16.2668
3.61524
12.6153
14.4812
5.44139
12.6358
18.0734
5.42315
12.6856
16.2523
7.19635
12.6535
16.2673
5.44417
14.4809
14.2606
3.6148
14.4702
18.1626
3.85394
14.4565
14.5684
7.31661
14.4596
18.0324
6.97383
14.4595
14.3015
3.6155
18.2302
17.981
3.61202
18.346
14.461
6.99848
18.0272
18.0938
6.93795
18.0692
16.2659
5.41225
14.4305
16.2807
3.63938
16.2664
14.4588
5.45288
16.2505
18.0731
5.42494
16.2993
16.2629
7.19822
16.2688
16.2284
5.42446
18.075
14.4569
7.40699
-0.0292174
18.075
6.97356
-0.149812
14.6189
10.8461
-0.229597
18.0756
11.1027
-0.208364
14.644
7.22907
3.62088
18.2347
7.05557
3.61354
14.7046
10.8462
3.61404
18.1519
10.9348
3.38151
16.2673
9.04241
-0.0463977
16.2666
7.25695
1.79557
14.461
9.06922
1.80446
18.0736
9.03649
1.84754
16.2372
10.8689
1.80871
16.2668
9.07107
3.61573
14.3937
7.38705
3.62261
18.0659
6.95967
3.63009
14.5804
10.8446
3.61312
18.0774
11.0683
3.58545
14.459
7.14687
7.38006
18.0748
6.99588
7.31178
14.5083
10.6324
7.23072
18.1199
10.8649
6.99495
16.2731
9.00501
3.61543
16.2953
7.20237
5.42142
14.4842
9.03957
5.42392
18.0748
9.05037
5.39773
16.2303
10.8434
5.42377
16.22
9.04869
7.24102
14.4659
7.41145
7.27431
18.0771
7.05137
7.11984
14.5337
10.7722
7.23425
17.9205
10.8461
7.05112
14.4822
7.3594
10.8441
18.1721
7.11113
10.6943
14.3139
10.9348
10.8939
18.0719
10.5932
10.8181
16.2879
9.03803
7.23033
16.283
7.19721
9.03792
14.4834
9.03896
9.04742
18.0758
9.04657
9.00886
16.2633
10.8223
9.01677
16.2681
9.00794
10.8255
14.422
7.36602
10.8968
18.0776
7.23801
11.1442
14.4757
11.005
10.8721
18.0712
10.8468
10.5769
14.3488
7.35783
14.4602
18.1252
7.23643
14.2179
14.3925
10.8507
14.4607
18.3576
10.8415
14.4538
16.2671
9.07366
10.8557
16.2799
7.26089
12.6536
14.4617
9.07463
12.6511
18.1165
9.03729
12.6513
16.2848
10.799
12.6526
16.2678
9.06466
14.4667
14.3791
7.23157
14.3219
18.0271
7.23738
14.7145
14.6177
10.6716
14.462
17.9887
10.7234
14.5879
14.1736
7.25281
18.0753
18.0786
7.23497
18.3736
14.162
10.8449
18.079
18.2773
10.9902
18.0184
16.2674
9.00985
14.4583
16.2713
7.27926
16.267
14.4835
9.03789
16.2558
18.0741
9.06817
16.2652
16.3038
10.8489
16.2762
16.2704
9.06346
18.0728
14.4571
11.1027
-0.0960896
18.2768
10.678
-0.0135176
14.4553
14.3591
-0.275581
18.0653
14.4538
-0.398002
14.4629
10.846
3.40278
17.8762
10.7868
3.70029
14.4605
14.4569
3.57443
18.0768
14.4579
3.32915
16.2657
12.6601
-0.045914
16.2919
10.8255
1.8075
14.4588
12.6856
1.79704
18.0813
12.652
1.84383
16.2677
14.4922
1.80929
16.2341
12.6524
3.63326
14.4568
10.8465
3.67721
18.0089
10.8442
3.80497
14.4351
14.4622
3.61923
17.8507
14.4559
3.5387
14.5387
10.9181
7.36745
18.0796
10.6172
7.35253
14.4595
14.4621
7.42466
18.0189
14.2651
7.11383
16.2859
12.6526
3.59785
16.3018
10.8434
5.42162
14.4886
12.6529
5.42198
18.0618
12.675
5.42651
16.268
14.4236
5.41883
16.2397
12.6508
7.22889
14.5546
11.0095
7.16658
18.2589
10.8377
7.26798
14.304
14.5405
7.23113
18.1649
14.4552
7.00118
14.4613
10.7798
11.0237
18.0784
10.6717
11.0056
14.4564
14.7106
10.8503
18.0761
14.4538
10.5451
16.3009
12.6522
7.23033
16.2708
10.8648
9.05299
14.4607
12.6538
9.06585
18.0735
12.6595
9.00564
16.2678
14.4169
9.03743
16.3064
12.6525
10.8162
14.4598
10.852
10.8156
18.2653
10.9422
10.7948
14.6293
14.5669
10.848
18.0804
14.4151
11.1099
14.5885
10.8585
14.3678
18.077
11.1083
14.4401
14.5637
14.4569
14.4571
18.3529
14.4581
14.4546
16.2568
12.6507
10.8646
16.2681
10.8747
12.6535
14.4749
12.678
12.6523
18.1066
12.6514
12.6535
16.3046
14.4597
12.6519
16.2354
12.6439
14.4594
14.5841
10.8984
14.4759
18.0784
10.843
14.7084
14.3217
14.5005
14.4941
18.1665
14.4584
14.665
14.7189
10.8455
18.077
18.069
10.8404
18.368
14.679
14.339
18.0723
18.0726
14.1619
18.0712
16.3039
12.652
14.4594
16.2507
10.8176
16.2675
14.459
12.6472
16.2303
18.1099
12.6515
16.2715
16.2662
14.5053
16.2662
16.2711
12.6526
18.1101
14.4592
14.5427
0.24966
18.2926
14.5798
0.0269064
14.5549
18.3214
0.0113667
18.1581
18.0739
-0.357251
14.2917
14.4143
3.50451
18.0769
14.6312
3.77975
14.5485
18.2842
3.61731
18.311
18.1976
3.61118
16.2836
16.2826
0.00381542
16.2653
14.4191
1.80931
14.4193
16.2669
1.80663
18.0935
16.2675
1.79658
16.2656
18.099
1.79466
16.2413
16.2344
3.60833
14.3974
14.2305
3.61779
18.2582
14.5993
3.61371
14.6592
18.0763
3.61986
18.1493
18.2773
3.61138
14.5507
14.3727
7.17164
18.0773
14.7313
7.24391
14.6976
18.0935
7.3306
18.0762
18.0716
6.92052
16.282
16.2853
3.61918
16.2661
14.488
5.42932
14.4686
16.2683
5.44219
18.0466
16.2779
5.42239
16.2828
18.0721
5.4054
16.2503
16.2497
7.25311
14.4266
14.4453
7.12692
18.0726
14.6064
7.34481
14.5188
18.1773
7.38137
18.0817
18.3548
7.24686
14.4624
14.4583
11.0138
18.0779
14.7174
10.8433
14.685
18.08
10.7277
18.2549
18.2525
10.8393
16.279
16.2783
7.22311
16.267
14.4987
9.03697
14.4802
16.2531
9.04237
18.0736
16.2695
9.06705
16.265
18.0742
9.06775
16.2876
16.2981
10.848
14.4261
14.4615
10.8917
18.076
14.5049
11.0331
14.667
18.0766
10.8454
18.0751
18.0696
11.1451
14.4632
14.6723
14.4584
18.0778
14.7147
14.4072
14.7211
18.0742
14.4388
18.0764
18.0694
14.1522
16.2589
16.2426
10.8196
16.2364
14.4595
12.6475
14.4588
16.2301
12.6483
18.115
16.2665
12.6532
16.2711
18.1114
12.6531
16.2607
16.2433
14.4796
14.4609
14.4631
14.6699
17.9337
14.4553
14.6349
14.3608
18.0709
14.673
18.0797
18.3398
14.4975
14.4572
14.6229
17.9263
18.1564
14.4633
18.34
14.4653
18.0707
18.3653
18.2115
18.2248
18.1886
16.2813
16.2923
14.4514
16.2656
14.4265
16.266
14.4311
16.2673
16.2664
18.067
16.2472
16.2521
16.2673
18.018
16.2669
16.2667
16.2685
18.0193