-0.000587934
-0.00169414
-0.00166864
3.61481
-0.00216886
-0.00098901
-0.000575824
3.61543
-0.0020297
3.61553
3.61624
-0.00172564
-0.000275807
-0.000891016
3.61682
3.6155
-0.00103162
3.61653
-0.00100672
3.61558
3.61647
3.61667
3.61653
3.61608
1.80766
1.80797
-0.00225352
1.80725
-0.00202466
1.80914
-0.00140631
1.80804
1.80833
3.61501
1.80968
1.80918
1.80908
3.6158
1.80715
1.80869
1.80554
3.61642
-0.000849461
-0.00163883
7.23182
3.61669
-0.00276288
7.23122
-0.000753484
3.61645
7.23079
3.61692
3.61373
7.23165
1.80879
-0.000733158
5.42107
-0.000164956
1.80401
5.42242
3.61582
1.80618
5.42315
1.80928
3.61438
5.42346
1.80897
1.80482
7.23097
-0.00173718
-0.0283359
10.8433
3.61649
0.0233249
10.8433
-0.00255484
3.61482
10.8434
3.61759
3.63578
10.843
1.80544
-0.0054056
9.03589
-0.00194038
1.79473
9.03609
3.61694
1.81015
9.03625
1.80904
3.61077
9.03624
1.80608
1.80127
10.8433
-0.00180942
0.00211823
14.4584
3.61667
-0.00155561
14.4593
-0.00165107
3.61473
14.4583
3.61659
3.64516
14.459
1.80759
0.0131854
12.6543
-0.00175569
1.807
12.6527
3.61654
1.78429
12.6527
1.80821
3.64163
12.6517
1.80892
1.80896
14.4582
1.80889
-0.000387307
16.2665
-0.000621927
1.80964
16.2681
3.61596
1.8081
16.2669
1.8086
3.63674
16.2656
-0.000702393
7.23149
-0.00224204
3.61609
7.23159
-0.0112786
-0.00199717
7.23237
3.61512
3.61658
7.23499
3.61601
1.80695
5.42385
-0.00203065
-0.000914766
5.42327
1.80765
3.61662
5.4214
1.80841
1.80933
7.23125
1.80933
1.80857
5.42358
3.61443
-0.00151944
7.22676
7.22571
3.6188
7.21261
7.21735
-0.00168144
5.42714
5.42455
3.61656
5.42363
5.42313
1.80978
7.23486
5.42271
1.80736
5.42296
7.22936
-0.0012754
7.0392
10.8504
3.61682
7.25145
10.8492
-0.000534701
5.42592
9.03796
3.61746
5.43048
9.04256
1.80944
7.04212
9.03512
1.80775
5.29128
10.8442
0.00230983
7.23131
14.4603
3.61347
7.23316
14.4605
0.0029871
5.43036
12.653
3.61565
5.19153
12.6564
1.82783
7.24204
12.6594
1.80742
5.41254
14.4592
-0.0010071
5.4243
16.2651
3.61668
5.42108
16.2716
1.80657
7.2355
16.268
-0.000741586
10.8434
-0.0171593
3.617
10.8427
0.000504384
-0.000111066
10.8436
3.61866
3.61484
10.8437
3.64171
1.80648
9.03666
-0.00557508
-0.000483108
9.03596
1.80713
3.61658
9.03642
1.80692
1.80695
10.8432
1.7909
1.80758
9.03715
3.62033
-0.00123594
10.8456
7.21026
3.66293
10.847
7.23152
-0.00060447
9.03433
5.41309
3.6167
9.02752
5.40801
1.80976
10.8454
5.2592
1.80579
9.02169
7.22505
-0.0646736
10.8313
10.858
2.95771
10.8864
10.8863
-0.00175419
9.01913
9.0356
3.65767
9.04272
9.04161
1.81598
10.8334
8.97307
1.80873
9.00489
10.8493
0.00104108
10.8481
14.4617
3.61774
10.8952
14.468
0.0020872
9.03918
12.7092
3.63412
8.9712
12.6599
1.79302
10.8821
11.9191
1.80843
9.08394
14.4627
-0.000481641
9.0366
16.2694
3.6145
9.03444
16.268
1.80917
10.9022
16.2027
-0.00205902
14.4585
-0.00115285
3.61682
14.4587
-0.0413921
0.00392994
14.4604
3.62025
3.61635
14.4609
3.39326
1.80788
12.6507
-0.0130253
-0.00137767
12.6509
1.78186
3.61673
12.6528
1.81455
1.80764
14.4584
1.84123
1.80928
12.6518
3.4744
-0.00107717
14.4963
7.22874
3.63248
14.4633
7.18373
-0.00216312
12.6557
5.29186
3.62088
12.6587
5.40892
1.82592
14.4658
5.41024
1.81292
12.6598
7.18085
0.0184087
13.7491
10.8829
3.74339
14.5874
9.97107
-0.0563841
12.6685
8.98565
2.95437
12.6883
9.07083
1.79196
13.7465
9.06986
1.85662
12.5453
10.736
0.0466252
14.4603
14.4774
3.61168
14.4586
14.2639
0.0182527
12.691
11.9217
3.74828
11.7834
12.764
0.937415
14.5895
12.7836
1.85918
12.7006
14.4319
0.0484523
12.653
16.2158
3.612
12.6612
16.2692
1.81524
14.4591
16.2639
1.80738
16.2656
0.0192136
-0.00172679
16.2682
1.80903
3.61633
16.2673
1.82652
1.80789
16.2668
3.61196
0.00107476
16.2661
5.42632
3.61446
16.2647
5.42378
1.80782
16.2716
7.27832
-0.000221181
16.2739
9.0414
3.61812
16.2711
9.11033
1.85194
16.2564
10.895
0.0598287
16.2809
12.6538
3.61249
16.0825
12.6538
1.90286
16.2685
14.4593
0.0334982
16.2679
16.2433
3.61501
16.267
16.2647
7.23044
-0.000984864
-0.00152363
7.23044
3.61636
-0.000527556
7.23041
3.31978e-05
3.61658
7.23093
3.61702
3.61655
5.42397
1.80887
-0.00111289
5.42386
-0.00158904
1.80795
7.23128
1.80941
1.80911
5.42403
3.61652
1.80849
5.42429
1.80702
3.61647
7.23157
0.00189469
7.23163
7.23079
3.6146
7.23052
5.4242
0.00170917
5.42329
7.23013
1.80941
5.42448
5.42366
3.61642
5.42337
5.42474
1.80787
7.231
7.23158
0.000511218
10.8434
7.2323
3.63046
10.8434
5.42408
0.00333544
9.03725
7.23189
1.81199
9.03556
5.42521
3.61692
9.03596
5.42423
1.81347
10.8432
7.23189
-0.000931277
14.4586
7.2321
3.6322
14.4596
5.42229
0.00114063
12.6516
7.23218
1.80512
12.6506
5.42539
3.62237
12.6518
5.42263
1.81218
14.4583
5.42202
-0.000549296
16.2655
7.2306
1.80389
16.2673
5.42287
3.63272
16.269
7.23072
7.23098
0.00225512
7.23173
7.23007
3.61634
5.4237
5.42304
0.00175478
7.2311
5.42278
1.80618
5.42444
7.23098
1.80882
5.42408
5.42343
3.61521
7.22717
7.23222
7.23085
7.23141
5.42206
5.42179
5.42584
7.2306
5.42428
5.42454
5.4225
7.22969
7.22689
7.23144
10.8434
7.23108
5.42464
9.03871
5.42526
7.23415
9.03995
5.42645
5.4135
10.8417
7.2286
7.23226
14.4624
7.23745
5.42116
12.6528
5.42406
7.23026
12.6523
5.42507
5.39121
14.4612
7.23114
5.44744
16.2691
5.42428
7.23109
16.2658
7.23029
10.844
0.00364932
7.23007
10.8436
3.61906
5.42326
9.03619
-0.0018
7.23028
9.03585
1.81026
5.42161
10.8426
1.80741
5.42493
9.03941
3.6163
7.23264
10.8472
7.22983
7.22688
9.03736
5.42295
5.42554
10.8445
5.4255
5.42666
9.03003
7.22374
7.16789
10.9313
10.8478
7.23003
9.0386
9.03908
5.42746
10.8534
9.04176
5.42893
9.08316
10.8453
7.18585
10.8903
14.4596
7.23004
9.03612
12.6547
5.44837
10.9221
12.6554
5.41637
9.14127
14.449
7.2318
9.0344
16.2707
5.42056
10.8887
16.227
7.23208
14.4593
0.000455983
7.23663
14.4597
3.61425
5.42449
12.6516
0.00882911
7.23131
12.6525
1.82562
5.42433
14.4588
1.82023
5.42607
12.65
3.60019
7.2311
14.46
7.23017
7.22863
12.6533
5.42547
5.42493
14.4616
5.42385
5.42872
12.6532
7.28402
7.21365
14.4601
10.8549
7.17898
12.6516
9.10958
5.44873
14.4638
9.10524
5.42687
12.7236
10.9049
7.21432
14.4594
14.457
7.20956
12.6843
12.6508
5.28737
14.4605
12.6521
5.42155
12.7473
14.4606
7.0566
12.6861
16.1158
5.41985
14.4592
16.2499
5.42124
16.2666
0.0192776
7.23209
16.2663
1.81689
5.42571
16.2671
3.59725
7.22923
16.2667
5.42146
5.41513
16.2595
7.34403
7.17427
16.2671
9.09555
5.42402
16.2661
10.9929
7.20761
16.2666
12.6538
5.41841
16.2673
14.4581
7.03383
16.2581
16.112
10.8452
6.59828e-05
-0.000919926
10.8445
3.61554
5.7802e-05
10.8445
-0.000365873
3.61548
10.8433
3.61647
3.6161
9.03755
1.80604
-0.00150842
9.03778
-8.74064e-05
1.80749
10.8451
1.80808
1.80752
9.03751
3.61554
1.80784
9.03759
1.80703
3.61605
10.8432
0.000965198
7.23097
10.8436
3.61641
7.23003
9.03669
-0.000525055
5.42399
10.8447
1.80545
5.42406
9.03646
3.61712
5.42414
9.0359
1.80586
7.23168
10.8433
0.00104895
10.8446
10.8435
3.61571
10.8438
9.03799
-1.45638e-05
9.03604
10.8434
1.80645
9.03716
9.03728
3.61481
9.03961
9.03784
1.80723
10.8438
10.8435
-0.000336579
14.4588
10.8436
3.61291
14.4599
9.03872
-0.00136049
12.6513
10.844
1.80673
12.6508
9.03891
3.61313
12.6512
9.03842
1.80776
14.4589
9.03564
-0.00115873
16.2693
10.8445
1.80929
16.2664
9.03575
3.61527
16.2661
10.8436
7.23024
0.00115593
10.8435
7.23043
3.61511
9.03793
5.42357
0.00124755
10.8438
5.42435
1.80725
9.03695
7.22998
1.80788
9.03691
5.4241
3.61583
10.8457
7.22883
7.22803
10.8437
5.42274
5.42091
9.03701
7.22932
5.4208
9.03795
5.42044
7.22857
10.8469
7.22944
10.8452
10.8463
5.42227
9.03737
9.03192
7.23355
9.03728
9.0387
5.44277
10.8444
10.8465
7.2305
14.4624
10.8414
5.42078
12.6541
9.05079
7.22466
12.6522
9.03903
5.42545
14.462
10.8432
5.42229
16.2687
9.0383
7.23312
16.2694
10.8431
10.8448
0.0014925
10.847
10.8434
3.61723
9.0385
9.0378
0.00257029
10.8437
9.03829
1.80873
9.03741
10.844
1.81041
9.03907
9.03782
3.61556
10.8472
10.8431
7.2275
10.8438
9.03835
5.42349
9.03268
10.8443
5.42531
9.03149
9.04186
7.23314
10.7052
10.8399
10.8437
10.8486
9.03605
9.03578
9.03046
10.8456
9.03963
9.03376
9.03348
10.8425
10.843
10.8451
14.4622
10.8477
9.03811
12.6517
8.98143
10.8453
12.6529
9.0344
9.03262
14.4612
10.8433
9.03698
16.269
9.03557
10.8455
16.2674
10.8431
14.4595
-0.0006636
10.8418
14.4595
3.61668
9.03925
12.6509
-0.000634555
10.8442
12.6512
1.80725
9.03862
14.4597
1.80956
9.03674
12.6511
3.62029
10.8491
14.4612
7.23126
10.8444
12.652
5.42583
9.04889
14.459
5.41941
9.03105
12.653
7.22651
10.8463
14.463
10.8424
10.7036
12.6532
9.03152
8.97668
14.459
9.03794
9.78367
12.6648
10.8666
10.8427
14.4591
14.4606
10.8583
12.6528
12.6538
9.32405
14.4425
12.6428
9.007
12.6521
14.4581
10.844
12.6519
16.2639
9.04473
14.4594
16.2686
9.0389
16.2685
0.000186538
10.844
16.2673
1.8081
9.03957
16.2655
3.61659
10.8447
16.267
5.42383
9.03626
16.267
7.22878
10.8463
16.2684
9.03545
9.0025
16.2628
10.8453
10.8443
16.267
12.6518
9.02132
16.2668
14.4626
10.8421
16.2665
16.2676
14.4597
-8.66271e-05
-7.59667e-05
14.4595
3.61547
-0.0002439
14.4595
-0.000562151
3.6154
14.4591
3.6168
3.61632
12.6511
1.80702
-4.19216e-05
12.6509
-7.75003e-05
1.80734
14.4583
1.80767
1.80808
12.6508
3.61568
1.80878
12.6507
1.80704
3.6161
14.4586
-0.00157456
7.23023
14.4591
3.61695
7.23012
12.651
-0.00151234
5.42456
14.4591
1.80676
5.42318
12.6524
3.61669
5.42429
12.6505
1.80542
7.23032
14.4585
-0.0014261
10.8446
14.4583
3.61434
10.8436
12.6514
0.000833293
9.03757
14.4579
1.80842
9.03708
12.6509
3.61352
9.03727
12.6519
1.80665
10.8442
14.4581
-0.00124904
14.4596
14.4584
3.61663
14.4599
12.653
-0.0005904
12.6507
14.4584
1.80908
12.6517
12.6527
3.61427
12.6509
12.6524
1.80871
14.4594
12.6538
-0.00169567
16.2674
14.4597
1.80828
16.2681
12.6533
3.61669
16.2675
14.4588
7.23021
-0.00172513
14.458
7.23062
3.61517
12.6515
5.42415
-0.00147666
14.4591
5.42387
1.8073
12.6508
7.22999
1.80612
12.6515
5.42406
3.61494
14.4615
7.23225
7.23207
14.4585
5.42403
5.42202
12.6513
7.23197
5.42094
12.6516
5.42209
7.23138
14.4614
7.2307
10.8445
14.4589
5.42087
9.03855
12.6537
7.22828
9.03647
12.6525
5.42054
10.8451
14.461
7.23211
14.4582
14.4627
5.42133
12.6525
12.6518
7.23037
12.6542
12.6535
5.42365
14.4584
14.4582
5.42157
16.2653
12.6515
7.23198
16.2682
14.4599
10.8445
-0.00179089
14.4599
10.8429
3.6168
12.6517
9.03777
0.000858404
14.4599
9.03748
1.80706
12.6541
10.8445
1.80738
12.6512
9.03859
3.6162
14.4582
10.8434
7.23152
14.4615
9.03869
5.42303
12.6545
10.8432
5.42384
12.6532
9.03897
7.22822
14.4453
10.8448
10.8432
14.4602
9.03724
9.03736
12.6545
10.8449
9.03622
12.6519
9.039
10.8442
14.4477
10.8429
14.4588
14.4606
9.03651
12.6526
12.658
10.843
12.6513
12.6498
9.03619
14.462
14.4593
9.03897
16.2656
12.651
10.843
16.2687
14.4585
14.4595
-0.00201795
14.4644
14.4591
3.61554
12.6521
12.651
-0.00194294
14.4596
12.651
1.80884
12.6528
14.4601
1.80725
12.6525
12.6507
3.61542
14.4585
14.4587
7.23122
14.4603
12.6508
5.42174
12.6517
14.4585
5.4213
12.6532
12.653
7.23066
14.4581
14.4592
10.8441
14.4447
12.6539
9.03672
12.6586
14.4622
9.03574
12.6541
12.6533
10.8431
14.4546
14.4595
14.4583
14.4591
12.6538
12.6532
12.6531
14.4601
12.6549
12.6522
12.6511
14.4599
14.4606
12.6532
16.2701
12.6518
14.4582
16.2685
12.6541
16.2674
-0.00194316
14.4585
16.2674
1.80919
12.6519
16.2664
3.61653
14.4599
16.2672
5.42125
12.6515
16.2675
7.23166
14.4551
16.2658
9.03665
12.6525
16.2664
10.8425
14.4537
16.2679
12.6538
12.6496
16.2689
14.459
14.4352
16.2656
16.2669
16.2674
1.80765
-0.000884755
16.2674
-0.000565915
1.80763
16.2677
3.61484
1.80763
16.2672
1.80766
3.61475
16.2679
-0.00152633
5.42323
16.2678
3.61609
5.42313
16.2676
1.8092
7.23069
16.2684
-0.0016826
9.03746
16.2667
3.61546
9.03741
16.2659
1.80912
10.8452
16.2662
-0.00152955
12.6517
16.266
3.61576
12.6516
16.2662
1.80921
14.4598
16.2676
-0.00147279
16.2674
16.2675
3.61649
16.2674
16.2668
5.42368
-0.000453612
16.2681
7.23036
1.80886
16.2659
5.42388
3.61519
16.2692
7.23155
5.4208
16.2687
5.42145
7.23024
16.2662
7.23251
9.03746
16.266
5.42203
10.8446
16.2759
7.23261
12.6538
16.2656
5.42224
14.4599
16.2665
7.23164
16.2669
16.2673
9.0374
-0.00122162
16.2654
10.8451
1.80679
16.2657
9.03721
3.61657
16.266
10.8439
5.42286
16.2646
9.03756
7.23197
16.2688
10.8423
9.03477
16.2665
9.03621
10.8434
16.2533
10.8419
12.6548
16.2691
9.03558
14.4585
16.2668
10.8436
16.2679
16.2657
12.6512
-0.0016815
16.2661
14.4597
1.80601
16.2655
12.6511
3.6171
16.2795
14.4588
5.42318
16.267
12.6526
7.23225
16.2608
14.4599
9.03582
16.35
12.6534
10.8434
16.3542
14.46
12.6544
16.2509
12.6528
14.4586
16.2732
14.459
16.2652
16.266
16.2675
-0.000469145
16.2658
16.268
3.61662
16.2669
16.2668
7.23106
16.2662
16.2674
10.8434
16.2577
16.2665
14.4598